1 442
2 421
3 421
4 421
5 404
6 404
7 404
8 404
9 404
10 404
11 404
12 404
13 404
14 395
15 395
16 395
17 395
18 395
19 391
20 375
21 375
22 375
23 375
24 358
25 358
26 358
27 339
28 339
29 339
30 339
31 339
32 339
33 339
34 339
35 339
36 339
37 339
38 339
39 339
40 339
41 339
42 339
43 339
44 339
45 339
46 339
47 339
48 339
49 339
50 339
51 339
52 339
53 339
54 339
55 339
56 339
57 339
58 339
59 339
60 339
61 339
62 336
63 336
64 336
65 336
66 336
67 336
68 336
69 336
70 336
71 336
72 336
73 336
74 336
75 336
76 336
77 336
78 336
79 336
80 336
81 336
82 336
83 336
84 336
85 336
86 336
87 336
88 336
89 336
90 336
91 336
92 336
93 336
94 336
95 336
96 336
97 336
98 336
99 336
100 336
101 336
102 336
103 336
104 336
105 336
106 336
107 336
108 336
109 336
110 336
111 336
112 336
113 336
114 336
115 336
116 336
117 336
118 336
119 336
120 336
121 336
122 336
123 336
124 336
125 336
126 336
127 336
128 336
129 336
130 336
131 336
132 336
133 336
134 336
135 336
136 336
137 336
138 336
139 336
140 336
141 336
142 336
143 336
144 336
145 336
146 336
147 336
148 336
149 336
150 336
151 336
152 336
153 336
154 336
155 336
156 336
157 336
158 336
159 336
160 336
161 336
162 336
163 336
164 336
165 336
166 336
167 336
168 336
169 336
170 336
171 336
172 336
173 336
174 336
175 336
176 336
177 336
178 336
179 336
180 336
181 336
182 336
183 336
184 336
185 336
186 336
187 336
188 336
189 336
190 336
191 336
192 336
193 336
194 336
195 336
196 336
197 336
198 336
199 336
200 336
201 336
202 336
203 336
204 336
205 336
206 336
207 336
208 336
209 336
210 336
211 332
212 332
213 332
214 332
215 332
216 332
217 332
218 332
219 332
220 332
221 332
222 332
223 332
224 332
225 332
226 332
227 332
228 332
229 332
230 332
231 319
232 319
233 319
234 319
235 319
236 319
237 319
238 319
239 319
240 299
241 299
242 299
243 299
244 299
245 299
246 299
247 299
248 299
249 299
250 299
251 299
252 299
253 299
254 299
255 299
256 299
257 299
258 299
259 299
260 299
261 299
262 299
263 299
264 299
265 299
266 299
267 299
268 299
269 299
270 299
271 299
272 299
273 299
274 299
275 299
276 299
277 299
278 299
279 299
280 299
281 299
282 299
283 299
284 299
285 299
286 299
287 299
288 299
289 299
290 299
291 299
292 299
293 299
294 299
295 299
296 299
297 299
298 299
299 299
300 299
301 299
302 299
303 299
304 299
305 299
306 299
307 299
308 299
309 299
310 299
311 299
312 299
313 299
314 299
315 299
316 299
317 299
318 299
319 299
320 299
321 299
322 299
323 299
324 299
325 299
326 299
327 299
328 299
329 299
330 299
331 299
332 299
333 299
334 299
335 299
336 299
337 299
338 299
339 299
340 299
341 299
342 299
343 299
344 299
345 299
346 299
347 299
348 299
349 299
350 299
351 299
352 299
353 299
354 299
355 299
356 299
357 299
358 299
359 299
360 299
361 299
362 299
363 299
364 299
365 299
366 299
367 299
368 299
369 299
370 299
371 299
372 299
373 299
374 299
375 299
376 299
377 299
378 299
379 299
380 299
381 299
382 299
383 299
384 299
385 299
386 299
387 299
388 299
389 299
390 299
391 299
392 299
393 299
394 299
395 299
396 299
397 299
398 299
399 299
400 299
401 299
402 299
403 299
404 299
405 299
406 299
407 299
408 299
409 299
410 299
411 299
412 299
413 299
414 299
415 299
416 299
417 299
418 299
419 299
420 299
421 299
422 299
423 299
424 299
425 299
426 299
427 299
428 299
429 299
430 299
431 299
432 299
433 299
434 299
435 299
436 299
437 299
438 299
439 299
440 299
441 299
442 299
443 299
444 299
445 299
446 299
447 299
448 299
449 299
450 299
451 299
452 299
453 299
454 299
455 299
456 299
457 299
458 299
459 299
460 299
461 299
462 299
463 299
464 299
465 299
466 299
467 299
468 299
469 299
470 299
471 299
472 299
473 299
474 299
475 299
476 299
477 299
478 299
479 299
480 299
481 299
482 299
483 299
484 299
485 299
486 299
487 299
488 299
489 299
490 299
491 299
492 299
493 299
494 299
495 299
496 299
497 299
498 299
499 299
500 299
