1 457
2 1176
3 532
4 464
5 464
6 1219
7 474
8 534
9 506
10 1166
11 1193
12 546
13 1178
14 444
15 417
16 1168
17 1190
18 1192
19 1205
20 449
21 474
22 507
23 473
24 500
25 513
26 1209
27 543
28 528
29 549
30 430
31 1175
32 526
33 463
34 481
35 1192
36 464
37 526
38 429
39 530
40 503
41 1163
42 1194
43 1210
44 476
45 1199
46 411
47 1147
48 489
49 476
50 427
51 549
52 1169
53 498
54 1168
55 1187
56 470
57 1193
58 1229
59 518
60 468
61 576
62 593
63 482
64 1181
65 1116
66 537
67 485
68 440
69 1194
70 1167
71 1190
72 452
73 498
74 452
75 444
76 1190
77 533
78 1156
79 570
80 467
81 482
82 1203
83 1103
84 528
85 1197
86 515
87 1174
88 555
89 532
90 496
91 447
92 735
93 590
94 1175
95 389
96 535
97 499
98 539
99 1211
100 480
101 1216
102 1161
103 1162
104 494
105 558
106 509
107 486
108 424
109 570
110 1172
111 464
112 500
113 457
114 430
115 511
116 1123
117 456
118 571
119 1224
120 1234
121 527
122 1215
123 1170
124 549
125 1169
126 1216
127 1148
128 1141
129 601
130 1196
131 1200
132 519
133 453
134 491
135 1192
136 1206
137 1210
138 533
139 1199
140 460
141 486
142 1180
143 580
144 512
145 1221
146 452
147 544
148 1176
149 500
150 1146
151 531
152 415
153 1203
154 459
155 520
156 463
157 1207
158 467
159 478
160 1185
161 483
162 567
163 534
164 813
165 438
166 454
167 501
168 1194
169 518
170 551
171 472
172 471
173 500
174 497
175 484
176 511
177 472
178 437
179 465
180 458
181 527
182 410
183 468
184 556
185 588
186 434
187 505
188 1217
189 558
190 1200
191 526
192 461
193 451
194 1174
195 499
196 1190
197 491
198 502
199 1181
200 457
201 481
202 504
203 1188
204 444
205 1143
206 521
207 602
208 1153
209 563
210 1181
211 1150
212 1163
213 578
214 485
215 493
216 1210
217 479
218 406
219 1211
220 1179
221 1203
222 1169
223 1191
224 1177
225 495
226 517
227 1178
228 1159
229 521
230 1208
231 1191
232 1197
233 509
234 1216
235 1199
236 349
237 1216
238 1172
239 415
240 507
241 1163
242 1202
243 476
244 539
245 523
246 476
247 1205
248 507
249 510
250 1216
251 572
252 463
253 1165
254 487
255 508
256 1225
257 1191
258 481
259 409
260 413
261 526
262 1187
263 1236
264 533
265 1173
266 1175
267 486
268 421
269 475
270 548
271 553
272 1187
273 426
274 512
275 601
276 630
277 516
278 517
279 538
280 499
281 1132
282 530
283 1199
284 1207
285 1166
286 519
287 437
288 1160
289 445
290 1170
291 577
292 1203
293 1171
294 1171
295 527
296 550
297 1146
298 1190
299 456
300 1213
301 416
302 1214
303 1211
304 1181
305 1174
306 1197
307 1193
308 1210
309 516
310 1163
311 449
312 1184
313 479
314 1224
315 411
316 480
317 404
318 486
319 1194
320 1189
321 1190
322 1187
323 498
324 1204
325 518
326 1188
327 1178
328 1181
329 512
330 1212
331 529
332 514
333 1180
334 561
335 1200
336 1155
337 1201
338 1158
339 1191
340 533
341 491
342 1190
343 461
344 482
345 466
346 496
347 489
348 1225
349 1148
350 1229
351 432
352 1188
353 1182
354 1204
355 530
356 509
357 502
358 478
359 512
360 526
361 587
362 531
363 1192
364 1189
365 1189
366 476
367 564
368 1167
369 494
370 1170
371 497
372 1193
373 1203
374 1145
375 460
376 504
377 1173
378 468
379 484
380 1166
381 469
382 694
383 1134
384 483
385 539
386 550
387 494
388 1144
389 1170
390 1202
391 513
392 1183
393 1182
394 1199
395 480
396 456
397 1193
398 1137
399 480
400 462
401 520
402 523
403 1212
404 1190
405 1194
406 544
407 484
408 1220
409 507
410 1211
411 514
412 438
413 500
414 522
415 450
416 588
417 483
418 1221
419 471
420 513
421 503
422 1160
423 498
424 1122
425 1205
426 502
427 503
428 1173
429 1144
430 503
431 1195
432 422
433 496
434 418
435 1223
436 500
437 599
438 1216
439 462
440 475
441 512
442 455
443 1177
444 1158
445 480
446 415
447 559
448 503
449 491
450 1213
451 511
452 1216
453 1194
454 521
455 1220
456 606
457 425
458 1213
459 511
460 1188
461 471
462 454
463 1225
464 1187
465 528
466 1201
467 1216
468 471
469 1178
470 1219
471 469
472 1207
473 519
474 439
475 528
476 506
477 571
478 445
479 1172
480 518
481 446
482 501
483 520
484 1133
485 1144
486 466
487 492
488 1172
489 477
490 432
491 1182
492 1162
493 1056
494 536
495 585
496 1196
497 1190
498 1117
499 1165